ISS (ZARYA)             
1 25544U 98067A   23283.94966242  .00023189  00000+0  41229-3 0  9993
2 25544  51.6411 115.1407 0004890  96.1728  49.7867 15.50047819419749
ISS DEB                 
1 47853U 98067RZ  23283.58859644  .00070180  00000+0  42407-3 0  9999
2 47853  51.6311  68.0448 0002213 299.7624  60.3156 15.76963596146967
CSS (TIANHE)            
1 48274U 21035A   23283.76662974  .00056698  00000+0  57163-3 0  9999
2 48274  41.4727 172.2396 0011506 229.7463 130.2371 15.64411836139906
ISS (NAUKA)             
1 49044U 21066A   23282.71486326  .00020100  00000+0  35938-3 0  9993
2 49044  51.6410 121.2575 0005123  92.3190 358.8196 15.49983917419558
FREGAT DEB              
1 49271U 11037PF  23283.46592040  .00036190  00000+0  99405-1 0  9999
2 49271  51.6415 341.0011 0964072 312.6783  39.6631 12.06921877104809
CSS (WENTIAN)           
1 53239U 22085A   23282.74517962  .00057443  00000+0  58199-3 0  9994
2 53239  41.4725 178.4885 0011333 222.5126 137.4837 15.64286264139740
CSS (MENGTIAN)          
1 54216U 22143A   23282.74517962  .00057443  00000+0  58199-3 0  9995
2 54216  41.4725 178.4885 0011333 222.5126 137.4837 15.64286264139746
ISS DEB (SPX-26 IPA FSE)
1 55448U 98067VB  23283.51960895  .00147505  00000+0  91321-3 0  9997
2 55448  51.6312  96.0313 0005939 208.8832 151.1840 15.76078014 39343
ARKSAT 1                
1 56311U 98067VC  23283.77144765  .00484611  00000+0  16592-2 0  9993
2 56311  51.6272  99.1860 0007514 242.5145 117.5097 15.87886183 26490
EX-ALTA-2               
1 56313U 98067VE  23283.75292821  .00523290  00000+0  16711-2 0  9990
2 56313  51.6226  99.0271 0007357 246.2526 113.7708 15.89197114 26516
LIGHTCUBE               
1 56314U 98067VF  23283.70661941  .01981851  36930-2  17537-2 0  9992
2 56314  51.6161  95.6469 0009942 277.5575  82.4310 16.13056954 26581
NEUDOSE                 
1 56315U 98067VG  23283.79296575  .00222480  00000+0  14573-2 0  9997
2 56315  51.6292 103.8607 0005863 203.0250 157.0487 15.74548715 26430
YUKONSAT                
1 56316U 98067VH  23283.52124940  .00319145  00000+0  15696-2 0  9997
2 56316  51.6285 102.7772 0005944 214.7268 145.3346 15.80705517 26449
ISS DEB                 
1 56434U 98067VJ  23283.78345063  .00167794  00000+0  13100-2 0  9996
2 56434  51.6326 106.0819 0006747 200.8293 159.2431 15.70585572 24972
TIANZHOU-6              
1 56446U 23063A   23282.74517962  .00057443  00000+0  58199-3 0  9994
2 56446  41.4725 178.4885 0011333 222.5126 137.4837 15.64286264139743
PROGRESS-MS 23          
1 56740U 23071A   23282.71486326  .00020100  00000+0  35938-3 0  9992
2 56740  51.6410 121.2575 0005123  92.3190 358.8196 15.49983917419559
SHENZHOU-16 (SZ-16)     
1 56761U 23077A   23282.74517962  .00057443  00000+0  58199-3 0  9999
2 56761  41.4725 178.4885 0011333 222.5126 137.4837 15.64286264139743
ISS DEB                 
1 57212U 98067VP  23283.81905005  .00057384  00000+0  77625-3 0  9999
2 57212  51.6361 113.0862 0004756 146.3316 213.7979 15.57148584 16696
1998-067VQ              
1 57312U 98067VQ  23283.76569967  .00130942  00000+0  13965-2 0  9995
2 57312  51.6358 111.9815 0006405 230.0455 129.9977 15.62998578 15008
1998-067VR              
1 57313U 98067VR  23283.79536768  .00107069  00000+0  12183-2 0  9997
2 57313  51.6361 112.1804 0004371 235.2959 124.7623 15.61441741 15016
1998-067VS              
1 57314U 98067VS  23282.71206929  .00327149  00000+0  21244-2 0  9993
2 57314  51.6290 114.6571 0008351 237.1899 122.8296 15.74422193 14874
1998-067VT              
1 57315U 98067VT  23283.82242117  .00136188  00000+0  14360-2 0  9998
2 57315  51.6344 111.6054 0006745 229.0536 130.9875 15.63266597 15024
MOONLIGHTER             
1 57316U 98067VU  23283.78959145  .00050970  00000+0  59049-3 0  9998
2 57316  51.6356 111.3879 0005433 186.8171 173.2749 15.61288793 15017
1998-067VV              
1 57317U 98067VV  23283.58059221  .00241973  00000+0  20068-2 0  9996
2 57317  51.6382 111.5053 0008096 231.7952 128.2317 15.68874899 14990
MAYA-5                  
1 57419U 98067VW  23283.74982541  .00189778  00000+0  17880-2 0  9999
2 57419  51.6331 111.8615 0006911 203.7939 156.2738 15.65913388 13016
MAYA-6                  
1 57420U 98067VX  23283.56249833  .00192978  00000+0  18484-2 0  9998
2 57420  51.6316 112.8581 0006829 200.7806 159.2913 15.65490520 12983
CYGNUS NG-19            
1 57488U 23110A   23282.71486326  .00020100  00000+0  35938-3 0  9996
2 57488  51.6410 121.2575 0005123  92.3190 358.8196 15.49983917419559
PROGRESS-MS 24          
1 57691U 23125A   23282.71486326  .00020100  00000+0  35938-3 0  9998
2 57691  51.6410 121.2575 0005123  92.3190 358.8196 15.49983917419555
CREW DRAGON 7           
1 57697U 23128A   23282.71486326  .00020100  00000+0  35938-3 0  9997
2 57697  51.6410 121.2575 0005123  92.3190 358.8196 15.49983917419551
SOYUZ-MS 24             
1 57862U 23143A   23282.71486326  .00020100  00000+0  35938-3 0  9998
2 57862  51.6410 121.2575 0005123  92.3190 358.8196 15.49983917419555
